463
464
465
466
467
468
469
470
471
472
473
474
475
476
477
478
479
480
481
482
483
484
485
486
487
488
489
490
491
496
497
494
492
495
498
493
499
500
501
502
503
504
505
506
507
508
509
510
511
512
513
514
515
516
517
518
519
520
521
522
523
524
525
526
528
527
529
530
531
532
533
535
534
536
537
538
539
540
541
542
543
544
545
546
547
548
549
550
551
552
553
554
555
556
557
558
559
560
561
562
563
564
565
566
567
568
569
570
571
572
573
575
576
574
577
578
579
580
581
583
582
586
584
585
587
588
589
590
593
591
592
594
595
596
597
599
598
600
601
602
603
604
605
606
607
608
609
610
611
612
613
614
615
616
617
618
619
620
621
622
623
624
625
626
632
641
627
635
639
633
638
642
640
630
636
628
637
631
629
634
643
645
647
644
646
648
651
649
650
655
658
653
652
654
656
657
659
662
663
660
661
664
669
667
668
666
670
672
673
674
665
671
675
679
677
678
676
680
682
683
681
684
688
685
687
686
689
690
691
695
692
693
694
696
698
697
699
700
701
703
704
702
706
707
709
708
712
713
710
714
717
715
716
719
720
722
721
723
725
726
728
727
729
730
732
733
734
736
738
739
735
742
740
741
744
745
746
749
748
747
751
752
753
755
756
754
759
760
758
762
761
764
765
767
766
768
769
771
772
773
777
775
774
780
778
781
779
783
785
784
786
787
789
791
792
794
793
798
796
797
800
799
801
790
804
805
803
806
807
809
810
812
811
815
813
817
818
816
819
820
822
825
826
823
824
829
827
830
831
832
837
836
833
835
838
840
841
843
842
845
844
847
848
850
849
851
853
852
855
856
857
858
859
860
862
863
864
866
865
867
868
872
870
873
874
871
875
877
878
880
879
881
882
886
883
887
885
888
889
890
891
892
893
895
896
897
898
899
900
903
904
901
905
908
906
909
910
907
911
912
914
916
917
918
915
920
919
923
924
926
922
927
928
925
930
931
932
934
933
935
936
938
939
941
940
942
943
944
945
947
948
949
950
951
952
953
954
955
957
959
960
961
962
963
958
965
966
967
968
969
971
970
972
974
975
977
976
978
979
981
982
984
980
985
986
987
988
989
990
991
993
995
994
997
996
998
1000
1001
1002
1003
1005
1004
1007
1006
1008
1010
1011
1013
1014
1012
1015
1016
1017
1018
1020
1021
1022
1023
1025
1024
1026
1029
1028
1031
1030
1032
1033
1035
1034
1036
1037
1039
1040
1041
1042
1043
1044
1045
1048
1047
1049
1050
1051
1052
1053
1054
1056
1057
1058
1059
1061
1060
1062
1063
1064
1066
1069
1067
1070
1068
1071
1072
1073
1075
1076
1077
1079
1078
1080
1081
1084
1083
1085
1087
1086
1088
1089
1090
1091
1092
1094
1095
1096
1098
1097
1099
1100
1101
1103
1105
1104
1106
1107
1108
1110
1111
1112
1113
1114
1116
1115
1117
1118
1121
1120
1122
1123
1124
1125
1126
1127
1129
1130
1131
1132
1133
1134
1136
1135
1139
1138
1140
1142
1143
1141
1144
1146
1147
1148
1149
1150
1151
1152
1153
1154
1155
1157
1158
1160
1159
1161
1162
1163
1165
1166
1167
1168
1169
1170
1172
1171
1175
1173
1176
1177
1178
1179
1180
1181
1182
1183
1184
1186
1187
1188
1189
1190
1191
1193
1192
1196
1195
1197
1198
1199
1200
1201
1202
1204
1205
1206
1207
1208
1209
1210
1211
1212
1213
1215
1216
1217
1218
1219
1220
1221
1222
1223
1225
1227
1226
1228
1229
1230
1231
1232
1233
1235
1236
1237
1238
1239
1240
1241
1244
1242
1245
1246
1248
1247
1249
1250
1252
1251
1253
1254
1256
1257
1258
1259
1262
1261
1263
1265
1266
1267
1268
1269
1271
1270
1272
1273
1275
1276
1277
1278
1281
1280
1279
1283
1282
1284
1286
1287
1288
1289
1290
1291
1292
1293
1295
1296
1297
1298
1299
1300
1301
1304
1302
1305
1306
1307
1308
1309
1310
1311
1313
1312
1315
1316
1317
1318
1320
1319
1321
1322
1323
1325
1326
1327
1328
1329
1330
1331
1332
1334
1337
1335
1336
1338
1339
1340
1341
1342
1344
1345
1346
1347
1348
1349
1350
1353
1351
1354
1352
1355
1356
1357
1358
1359
1360
1361
1362
1363
1364
1365
1367
1366
1368
1369
1370
1372
1371
1374
1373
1375
1377
1378
1379
1380
1381
1382
1384
1383
1385
1388
1386
1389
1387
1390
1391
1392
1393
1394
1395
1396
1397
1398
1399
1400
1403
1401
1402
1405
1406
1407
1408
1409
1410
1411
1412
1413
1414
1415
1416
1417
1419
1418
1421
1423
1422
1424
1425
1426
1427
1428
1429
1430
1431
1432
1434
1433
1437
1438
1435
1436
1439
1441
1440
1443
1444
1445
1446
1448
1447
1449
1453
1451
1452
1450
1455
1454
1456
1457
1458
1459
1460
1461
1462
1463
1464
1465
1467
1469
1468
1471
1470
1472
1473
1475
1474
1476
1477
1478
1479
1481
1480
1482
1483
1485
1484
1486
1487
1488
1490
1492
1491
1493
1494
1495
1496
1497
1498
1499
1500
1501
1504
1502
1505
1506
1507
1508
1509
1510
1512
1513
1514
1515
1517
1516
1518
1519
1520
1522
1523
1524
1525
1528
1526
1527
1529
1530
1532
1533
1534
1535
1536
1537
1539
1540
1542
1538
1543
1544
1545
1546
1547
1548
1549
1550
1553
1552
1554
1555
1556
1557
1559
1560
1558
1563
1564
1562
1565
1566
1567
1568
1569
1570
1571
1573
1575
1574
1576
1577
1578
1579
1580
1581
1583
1584
1585
1586
1587
1588
1589
1590
1592
1593
1594
1595
1596
1597
1599
1598
1600
1601
1603
1604
1605
1606
1608
1609
1607
1610
1611
1613
1614
1615
1616
1617
1618
1619
1620
1622
1623
1624
1625
1627
1626
1630
1628
1629
1631
1634
1635
1633
1636
1637
1638
1639
1641
1640
1642
1645
1643
1648
1646
1649
1647
1650
1653
1651
1654
1655
1656
1658
1657
1659
1660
1662
1663
1664
1665
1666
1667
1669
1670
1671
1668
1674
1673
1675
1677
1676
1678
1680
1679
1681
1683
1684
1685
1686
1687
1688
1689
1690
1691
1693
1694
1695
1696
1697
1698
1699
1700
1701
1703
1704
1705
1706
1707
1708
1709
1710
1711
1713
1714
1715
1716
1717
1718
1719
1720
1722
1723
1724
1725
1726
1727
1728
1729
1731
1732
1733
1734
1735
1736
1737
1738
1739
1741
1742
1743
1744
1745
1746
1748
1747
1749
1752
1751
1753
1754
1755
1756
1757
1758
1759
1760
1762
1763
1764
1765
1766
1767
1768
1769
1772
1770
1773
1774
1775
1777
1776
1778
1779
1781
1782
1784
1783
1785
1786
1787
1788
1789
1791
1792
1793
1794
1795
1796
1797
1798
1799
1802
1803
1800
1804
1805
1806
1807
1808
1809
1812
1811
1813
1814
1815
1816
1817
1818
1821
1819
1822
1823
1824
1825
1826
1827
1830
1828
1831
1832
1833
1834
1835
1836
1837
1838
1840
1841
1842
1843
1844
1846
1845
1847
1848
1849
1852
1850
1853
1854
1855
1857
1856
1858
1860
1861
1862
1864
1866
1865
1863
1867
1870
1868
1871
1872
1873
1874
1875
1876
1879
1880
1878
1882
1881
1883
1884
1885
1886
1888
1889
1890
1891
1892
1893
1894
1896
1898
1895
1899
1901
1900
1902
1903
1904
1905
1908
1907
1909
1911
1912
1910
1913
1914
1915
1918
1917
1919
1920
1921
1922
1923
1925
1924
1927
1928
1930
1929
1931
1933
1932
1934
1935
1938
1937
1939
1940
1941
1942
1943
1944
1945
1948
1947
1949
1950
1951
1952
1953
1954
1956
1957
1958
1959
1960
1961
1962
1963
1966
1965
1967
1968
1969
1972
1970
1971
1973
1974
1975
1977
1978
1979
1980
1981
1983
1982
1984
1986
1987
1989
1991
1990
1988
1992
1993
1994
1996
1997
1998
2000
1999
2001
2002
2003
2004
2006
2008
2009
2007
2010
2011
2012
2013
2014
2016
2019
2017
2018
2020
2021
2023
2022
2025
2026
2027
2028
2029
2030
2032
2031
2033
2034
2035
2037
2038
2039
2041
2040
2042
2043
2044
2045
2046
2047
2048
2049
2050
2051
2052
2053
2054
2055
2056
2058
2057
2059
2060
2061
2062
2063
2064
2065
2066
2068
2069
2070
2071
2072
2074
2073
2075
2076
2077
2078
2079
2080
2081
2082
2083
2084
2085
2087
2086
2088
2091
2089
2092
2093
2094
2095
2096
2097
2099
2098
2100
2101
2103
2102
2104
2105
2108
2106
2107
2109
2110
2112
2113
2115
2121
2116
2126
2118
2114
2125
2127
2122
2120
2117
2124
2128
2119
2123
2129
2130
2131
2132
2133
2134
2135
2136
2138
2139
2140
2143
2141
2144
2142
2145
2146
2147
2148
2149
2150
2151
2152
2153
2155
2154
2156
2158
2157
2159
2160
2161
2162
2164
2165
2166
2168
2169
2167
2170
2172
2171
2173
2174
2176
2175
2178
2179
2180
2181
2182
2184
2183
2185
2186
2189
2188
2190
2191
2193
2192
2194
2195
2197
2198
2199
2200
2201
2203
2202
2204
2205
2207
2208
2209
2211
2210
2212
2213
2214
2215
2218
2216
2219
2221
2222
2220
2223
2224
2225
2227
2229
2228
2230
2231
2232
2233
2234
2236
2237
2238
2240
2239
2241
2243
2242
2244
2245
2246
2248
2249
2250
2251
2253
2252
2256
2254
2257
2258
2259
2262
2260
2263
2261
2265
2267
2266
2268
2269
2270
2271
2272
2274
2276
2275
2277
2278
2280
2279
2282
2281
2284
2285
2286
2287
2288
2289
2290
2291
2293
2294
2295
2296
2297
2298
2299
2300
2303
2302
2304
2305
2306
2307
2308
2309
2312
2311
2313
2314
2315
2316
2317
2318
2319
2321
2322
2323
2325
2324
2326
2327
2328
2329
2332
2333
2334
2335
2336
2331
2338
2337
2340
2341
2342
2343
2345
2346
2344
2347
2351
2352
2348
2350
2353
2354
2355
2356
2357
2358
2360
2361
2362
2363
2364
2365
2366
2370
2367
2371
2369
2372
2373
2374
2375
2376
2379
2377
2380
2381
2382
2383
2384
2385
2388
2386
2387
2390
2391
2392
2393
2394
2395
2399
2396
2397
2400
2401
2402
2403
2404
2405
2406
2408
2409
2410
2411
2412
2414
2416
2415
2413
2418
2419
2422
2421
2424
2423
2420
2425
2426
2428
2429
2430
2434
2433
2435
2431
2437
2432
2439
2440
2443
2442
2438
2441
2444
2446
2447
2448
2451
2450
2452
2449
2453
2455
2456
2460
2457
2461
2458
2459
2462
2463
2465
2466
2467
2469
2468
2471
2472
2470
2473
2475
2477
2476
2478
2479
2481
2480
2482
2484
2490
2485
2487
2486
2489
2488
2491
2493
2494
2495
2496
2497
2499
2500
2501
2502
2503
2504
2506
2505
2509
2507
2510
2511
2512
2513
2514
2515
2516
2517
2519
2520
2522
2521
2524
2523
2526
2525
2529
2528
2530
2531
2532
2533
2534
2535
2537
2538
2539
2541
2542
2544
2540
2543
2548
2545
2546
2549
2550
2551
2552
2553
2554
2555
2557
2558
2559
2561
2560
2562
2563
2568
2564
2566
2569
2567
2570
2571
2572
2573
2579
2574
2577
2576
2580
2578
2581
2582
2583
2584
2586
2585
2587
2589
2590
2591
2594
2593
2595
2596
2592
2597
2598
2600
2601
2603
2602
2604
2605
2606
2607
2608
2611
2615
2614
2612
2610
2613
2620
2617
2619
2616
2621
2622
2623
2624
2625
2626
2627
2628
2632
2631
2633
2629
2635
2634
2637
2636
2638
2639
2641
2642
2643
2644
2645
2646
2647
2648
2650
2649
2653
2655
2654
2652
2657
2656
2658
2659
2660
2661
2662
2664
2665
2666
2667
2668
2670
2669
2673
2671
2674
2675
2676
2677
2678
2679
2680
2681
2682
2684
2686
2685
2687
2689
2688
2691
2692
2690
2693
2694
2696
2697
2699
2700
2698
2701
2703
2702
2704
2706
2708
2707
2709
2710
2711
2712
2713
2714
2719
2718
2716
2717
2720
2721
2724
2723
2722
2726
2725
2728
2729
2730
2731
2732
2733
2738
2734
2735
2736
2739
2741
2742
2740
2744
2745
2743
2746
2747
2749
2750
2751
2753
2754
2752
2755
2756
2757
2758
2760
2763
2762
2761
2764
2765
2766
2767
2768
2771
2772
2770
2773
2774
2775
2776
2777
2778
2781
2779
2782
2783
2784
2785
2786
2789
2787
2788
2791
2792
2794
2793
2795
2796
2797
2798
2799
2800
2802
2803
2804
2806
2805
2807
2808
2809
2810
2813
2811
2814
2815
2817
2816
2818
2819
2820
2821
2825
2824
2822
2826
2827
2828
2829
2830
2831
2832
2833
2835
2836
2837
2838
2839
2841
2842
2843
2840
2845
2846
2847
2848
2849
2850
2851
2852
2853
2854
2856
2857
2859
2858
2860
2861
2862
2863
2865
2866
2864
2868
2869
2870
2871
2872
2873
2875
2874
2876
2878
2879
2881
2882
2880
2883
2884
2885
2886
2887
2889
2890
2891
2892
2893
2894
2895
2896
2898
2899
2897
2901
2902
2903
2904
2905
2906
2907
2908
2911
2909
2912
2913
2915
2916
2914
2917
2918
2919
2920
2922
2923
2924
2925
2926
2927
2928
2929
2930
2932
2934
2935
2933
2936
2938
2939
2940
2937
2941
2943
2944
2945
2946
2947
2948
2949
2952
2950
2951
2954
2955
2956
2957
2958
2959
2960
2961
2962
2963
2965
2966
2967
2968
2970
2969
2971
2972
2973
2974
2976
2977
2978
2979
2981
2983
2980
2984
2982
2987
2985
2988
2989
2990
2991
2992
2993
2994
2995
2997
2998
2999
3000
3001
3002
3006
3003
3004
3005
3008
3009
3010
3011
3012
3013
3014
3015
3016
3017
3019
3020
3024
3022
3021
3023
3025
3026
3027
3028
3030
3031
3032
3033
3034
3035
3036
3037
3039
3038
3041
3042
3043
3044
3045
3046
3047
3048
3049
3051
3052
3053
3054
3055
3056
3059
3058
3057
3061
3062
3063
3064
3065
3066
3067
3068
3069
3070
3071
3073
3074
3075
3076
3077
3078
3079
3080
3081
3083
3084
3085
3086
3087
3088
3089
3090
3091
3092
3094
3095
3096
3097
3098
3099
3100
3101
3102
3104
3105
3106
3107
3108
3109
3110
3112
3111
3114
3115
3116
3117
3118
3119
3120
3121
3123
3122
3126
3125
3127
3128
3129
3130
3131
3133
3132
3134
3136
3137
3138
3139
3140
3141
3143
3142
3144
3146
3147
3148
3149
3150
3151
3152
3153
3154
3155
3156
3160
3161
3159
3162
3158
3164
3165
3163
3166
3167
3169
3170
3171
3172
3173
3174
3175
3176
3177
3180
3179
3181
3183
3182
3184
3185
3186
3187
3188
3190
3191
3192
3193
3194
3195
3197
3196
3198
3200
3201
3202
3203
3204
3205
3206
3207
3208
3209
3210
3212
3213
3214
3215
3216
3217
3218
3219
3220
3222
3223
3224
3225
3226
3227
3229
3228
3230
3232
3233
3234
3235
3236
3237
3238
3239
3240
3330
3347
3379
3393
3692
3535
3711
3698
3808
3807
3809
3847
3944
3962
4018
4090
4102
4309
4375
4377
4378
4379
4381
4380
4384
4388
4390
4392
4393
4397
4404
4403
4407
4410
4411
4412
4419
4427
4420
4429
4430
4432
4436
4433
4439
4443
4453
4445
4454
4455
4461
4463
4466
4468
4473
4476
4479
4481
4486
4484
4492
4488
4496
4498
4505
4507
4509
4511
4512
4515
4516
4521
4524
4529
4532
4536
4533
4541
4540
4546
4548
4552
4556
4560
4559
4564
4568
4565
4571
4574
4582
4588
4586
4590
4592
4591
4597
4601
4608
4612
4613
4615
4616
4617
4620
4627
4633
4638
4637
4640
4645
4646
4650
4654
4660
4662
4665
4668
4672
4673
4674
4682
4680
4687
4688
4693
4700
4701
4702
4709
4711
4716
4718
4724
4728
4731
4732
4738
4733
4739
4744
4749
4756
4751
4758
4759
4760
4764
4768
4769
4778
4780
4782
4784
4785
4791
4790
4796
4800
4804
4809
4810
4814
4816
4821
4818
4823
4831
4835
4834
4836
4841
4842
4844
4847
4855
4857
4859
4861
4862
4868
4869
4874
4876
4882
4886
4885
4887
4894
4895
4897
4900
4902
4911
4912
4914
4917
4923
4924
4930
4932
4937
4942
4944
4948
4949
4952
4953
4955
4959
4968
4971
4972
4979
4982
4983
4984
4985
4994
4995
5001
5003
5007
5009
5010
5013
5019
5024
5028
5032
5033
5036
5042
5038
5044
5054
5055
5056
5062
5066
5070
5072
5074
5078
5085
5086
5090
5095
5093
5098
5102
5100
5109
5111
5112
5118
5120
5121
5123
5126
5129
5135
5139
5141
5148
5145
5150
5149
5153
5160
5163
5168
5171
5172
5175
5181
5176
5185
5190
5191
5196
5199
5198
5200
5205
5207
5211
5214
5220
5221
5222
5223
5225
5227
5229
5238
5245
5244
5246
5247
5248
5249
5250
5251
5252
5254
5255
5256
5257
5258
5259
5260
5261
5262
5264
5267
5265
5268
5270
5269
5271
5272
5274
5276
5277
5278
5279
5280
5281
5282
5285
5286
5287
5288
5289
5290
5291
5293
5294
5297
5296
5298
5299
5302
5301
5303
5306
5304
5308
5309
5310
5311
5312
5313
5314
5315
5318
5319
5320
5322
5321
5323
5324
5327
5329
5326
5330
5331
5332
5333
5335
5336
5337
5339
5340
5341
5342
5343
5345
5346
5349
5347
5350
5352
5353
5354
5355
5356
5357
5360
5361
5362
5363
5364
5365
5367
5368
5369
5370
5372
5373
5374
5376
5377
5378
5379
5380
5382
5383
5385
5386
5388
5389
5387
5390
5392
5394
5395
5396
5398
5397
5399
5400
5401
5403
5405
5406
5409
5407
5410
5411
5412
5413
5415
5416
5419
5417
5420
5421
5423
5422
5425
5426
5427
5429
5430
5431
5432
5433
5434
5436
5438
5439
5440
5441
5443
5442
5445
5446
5449
5448
5450
5451
5452
5453
5455
5456
5459
5458
5460
5462
5463
5464
5465
5466
5467
5469
5471
5472
5473
5474
5475
5476
5477
5478
5481
5482
5483
5484
5485
5487
5486
5489
5491
5492
5493
5494
5495
5496
5497
5499
5501
5502
5503
5504
5506
5507
5509
5508
5510
5512
5514
5515
5516
5517
5518
5519
5520
5521
5524
5525
5527
5526
5528
5529
5530
5531
5534
5535
5536
5537
5538
5539
5541
5540
5545
5544
5548
5546
5547
5549
5550
5552
5554
5555
5556
5557
5559
5560
5562
5561
5564
5563
5568
5570
5566
5569
5572
5571
5573
5574
5577
5578
5579
5580
5581
5582
5584
5583
5587
5588
5590
5589
5591
5592
5593
5594
5596
5598
5601
5599
5603
5600
5605
5604
5606
5610
5607
5609
5613
5612
5614
5615
5616
5619
5621
5622
5625
5623
5626
5627
5628
5631
5633
5634
5635
5636
5637
5638
5641
5643
5644
5645
5647
5646
5649
5651
5653
5656
5654
5657
5658
5659
5660
5662
5665
5667
5668
5672
5671
5669
5678
5676
5679
5681
5683
5680
5687
5686
5690
5692
5693
5694
5695
5701
5699
5702
5705
5704
5706
5712
5711
5709
5713
5714
5715
5719
5720
5721
5724
5727
5730
5726
5734
5731
5735
5737
5739
5736
5740
5743
5744
5745
5746
5749
5752
5754
5756
5753
5760
5759
5762
5767
5766
5769
5773
5775
5777
5783
5778
5786
5787
5790
5793
5795
5799
5801
5803
5812
5809
5813
5806
5818
5820
5821
5823
5828
5830
5831
5834
5839
5842
5841
5845
5848
5851
5853
5855
5857
5861
5863
5864
5866
5871
5873
5875
5876
5881
5882
5887
5888
5891
5897
5892
5898
5900
5904
5908
5909
5910
5916
5914
5919
5921
5925
5926
5931
5932
5934
5936
5941
5942
5943
5948
5950
5952
5959
5953
5960
5962
5968
5964
5970
5973
5975
5978
5981
5983
5986
5987
5992
5994
5995
6002
5998
6004
6007
6008
6012
6015
6016
6018
6020
6025
6028
6029
6030
6036
6037
6039
6040
6046
6047
6052
6049
6056
6057
6060
6062
6066
6068
6071
6072
6073
6079
6080
6081
6084
6089
6090
6093
6095
6100
6099
6104
6105
6107
6111
6112
6115
6118
6121
6123
6130
6126
6132
6133
6136
6142
6137
6145
6146
6150
6151
6154
6158
6161
6162
6164
6169
6168
6171
6173
6178
6179
6182
6185
6188
6190
6195
6196
6197
6201
6202
6206
6207
6211
6212
6214
6220
6218
6224
6225
6228
6230
6235
6236
6240
6237
6245
6246
6247
6249
6255
6256
6261
6267
6262
6257
6268
6271
6272
6277
6280
6282
6284
6286
6292
6291
6295
6296
6301
6305
6302
6304
6309
6312
6313
6314
6321
6318
6322
6323
6327
6332
6331
6333
6336
6340
6337
6344
6345
6346
6347
6350
6354
6355
6356
6357
6365
6358
6364
6367
6366
6374
6375
6376
6377
6381
6382
6386
6388
6389
6391
6392
6397
6400
6398
6401
6402
6409
6410
6411
6408
6412
6417
6419
6420
6425
6423
6421
6431
6430
6433
6434
6435
6440
6442
6443
6444
6445
6449
6452
6453
6454
6459
6455
6460
6464
6463
6469
6466
6471
6475
6476
6477
6478
6481
6485
6486
6487
6492
6488
6495
6497
6498
6503
6499
6504
6508
6509
6510
6512
6515
6518
6521
6520
6522
6525
6529
6530
6531
6537
6533
6541
6538
6542
6543
6545
6549
6551
6552
6554
6558
6560
6562
6563
6567
6571
6572
6574
6577
6579
6583
6585
6586
6587
6594
6596
6590
6597
6601
6604
6606
6607
6610
6613
6617
6618
6620
6622
6626
6629
6630
6632
6638
6639
6640
6643
6647
6649
6651
6656
6654
6660
6662
6665
6666
6670
6673
6675
6677
6679
6684
6685
6688
6690
6692
6698
6697
6700
6702
6706
6709
6710
6713
6718
6717
6720
6724
6727
6729
6730
6735
6736
6739
6743
6745
6746
6750
6753
6754
6756
6761
6763
6764
6767
6771
6772
6774
6778
6779
6781
6782
6783
6787
6790
6791
6798
6799
6793
6803
6805
6806
6809
6814
6816
6815
6821
6822
6825
6827
6831
6832
6835
6837
6838
6843
6846
6848
6849
6854
6855
6858
6864
6860
6865
6869
6870
6874
6876
6881
6882
6883
6890
6887
6893
6896
6894
6901
6905
6903
6907
6908
6914
6917
6915
6923
6924
6925
6932
6933
6935
6941
6944
6945
6951
6956
6957
6959
6966
6968
6967
6975
6976
6979
6984
6985
6990
6997
6992
7001
7002
7007
7010
7012
7019
7020
7023
7030
7031
7032
7035
7042
7044
7045
7052
7053
7054
7061
7063
7064
7070
7074
7076
7079
7085
7088
7086
7095
7097
7099
7109
7102
7112
7110
7119
7120
7122
7131
7129
7132
7136
7141
7145
7143
7152
7154
7158
7153
7163
7164
7168
7173
7174
7177
7185
7186
7187
7194
7198
7201
7197
7207
7210
7208
7217
7219
7220
7227
7229
7230
7234
7239
7241
7243
7253
7250
7252
7262
7261
7263
7269
7272
7275
7278
7281
7286
7287
7292
7296
7297
7302
7304
7307
7310
7315
7318
7320
7327
7328
7330
7338
7339
7346
7340
7349
7356
7359
7350
7360
7365
7371
7372
7381
7373
7382
7383
7389
7392
7394
7399
7404
7405
7406
7407
7409
7411
7418
7420
7430
7427
7438
7439
7440
7441
7442
7443
7445
7452
7453
7455
7460
7461
7466
7473
7475
7476
7484
7485
7486
7494
7495
7498
7504
7507
7509
7515
7519
7520
7527
7529
7530
7537
7539
7541
7547
7551
7552
7560
7561
7563
7572
7571
7573
7582
7581
7584
7591
7594
7595
7600
7605
7611
7606
7612
7613
7614
7615
7616
7617
7619
7618
7621
7620
7622
7623
7624
7625
7627
7626
7628
7629
7635
7630
7631
7636
8203
8201
8640
8674
9074
9265
9345
9346
9355
9357
9366
9367
9376
9388
9378
9390
9400
9398
9407
9411
9419
9422
9430
9432
9440
9443
9451
9453
9462
9466
9473
9476
9483
9488
9500
9494
9506
9510
9518
9521
9529
9540
9532
9543
9552
9553
9563
9565
9574
9577
9587
9586
9597
9598
9608
9610
9619
9620
9630
9631
9640
9651
9641
9652
9661
9663
9674
9685
9675
9686
9695
9696
9704
9716
9707
9729
9719
9730
9739
9740
9748
9750
9760
9770
9762
9773
9780
9782
9793
9794
9802
9816
9806
9814
9824
9834
9826
9837
9846
9848
9856
9859
9867
9869
9877
9888
9881
9903
9900
9892
9911
9914
9920
9925
9931
9934
9943
9955
9948
9959
9966
9978
9969
9981
9989
9998
9992
10004
10008
10015
10021
10027
10031
10037
10044
10049
10054
10065
10060
10076
10083
10071
10086
10094
10096
10104
10105
10114
10119
10128
10130
10139
10140
10149
10150
10160
10171
10173
10162
10182
10183
10193
10194
10205
10203
10214
10217
10227
10228
10238
10237
10249
10248
10258
10261
10270
10271
10280
10282
10292
10293
10303
10305
10314
10315
10324
10327
10336
10337
10347
10345
10356
10358
10367
10369
10377
10379
10388
10389
10399
10402
10411
10412
10422
10433
10434
10423
10444
10446
10455
10456
10468
10466
10477
10481
10489
10490
10499
10501
10509
10521
10512
10525
10532
10535
10543
10546
10553
10557
10565
10566
10577
10578
10588
10589
10599
10600
10612
10610
10621
10622
10630
10632
10640
10643
10650
10656
10660
10667
10672
10677
10684
10694
10687
10704
10698
10709
10716
10720
10727
10730
10737
10742
10748
10754
10758
10764
10770
10775
10780
10791
10787
10797
10800
10807
10813
10817
10823
10830
10833
10841
10844
10851
10856
10861
10866
10873
10876
10884
10887
10893
10898
10904
10910
10915
10919
10925
10929
10936
10939
10946
10953
10957
10965
10968
10975
10979
10986
10990
10997
11003
11008
11013
11019
11026
11029
11037
11050
11051
11041
11061
11062
11071
11073
11082
11085
11094
11096
11105
11106
11115
11117
11127
11138
11139
11128
11149
11150
11159
11170
11160
11173
11182
11185
11193
11194
11203
11204
11215
11217
11228
11226
11236
11238
11247
11249
11257
11261
11268
11272
11279
11283
11292
11293
11300
11304
11312
11316
11326
11323
11333
11337
11343
11347
11354
11357
11364
11370
11377
11380
11392
11390
11400
11403
11411
11412
11422
11424
11433
11435
11443
11444
11454
11456
11466
11469
11477
11479
11486
11490
11498
11503
11509
11513
11521
11523
11529
11535
11542
11545
11554
11555
11568
11562
11573
11578
11589
11586
11597
11600
11608
11612
11619
11622
11630
11632
11640
11643
11650
11661
11666
11655
11671
11677
11682
11688
11692
11700
11703
11710
11718
11720
11729
11730
11739
11743
11751
11754
11761
11765
11770
11774
11782
11786
11792
11798
11802
11814
11818
11807
11836
11829
11826
11847
11852
11843
11858
11864
11869
11875
11880
11885
11891
11897
11902
11907
11913
11919
11930
11923
11938
11935
11945
11953
11955
11964
11966
11973
11977
11985
11988
11998
11994
12015
12005
12009
12020
12027
12032
12038
12042
12049
12053
12058
12065
12072
12075
12083
12087
12098
12095
12106
12117
12110
12120
12128
12130
12138
12141
12149
12153
12161
12164
12172
12185
12174
12193
12196
12183
12206
12217
12208
12218
12228
12229
12240
12242
12251
12252
12264
12261
12271
12272
12281
12283
12292
12294
12304
12303
12313
12315
12324
12327
12334
12339
12346
12350
12356
12361
12367
12377
12372
12388
12381
12396
12398
12406
12409
12415
12420
12427
12457
12430
12436
12440
12446
12452
12461
12467
12472
12477
12484
12487
12494
12499
12504
12511
12522
12515
12526
12533
12536
12543
12547
12553
12558
12564
12568
12575
12579
12584
12590
12594
12605
12600
12611
12614
12622
12624
12632
12638
12648
12643
12654
12657
12665
12668
12676
12678
12686
12697
12689
12710
12707
12699
12720
12722
12734
12729
12738
12745
12750
12755
12762
12766
12776
12772
12783
12789
12798
12794
12806
12809
12816
12820
12827
12830
12836
12841
12848
12852
12862
12859
12873
12879
12869
12884
12891
12894
12904
12902
12911
12915
12924
12926
12934
12936
12947
12944
12954
12963
12968
12974
12957
12979
12984
12989
12996
13002
13005
13012
13018
13022
13028
13039
13034
13051
13062
13054
13044
13067
13074
13077
13083
13088
13096
13099
13107
13110
13119
13121
13129
13130
13152
13139
13141
13154
13163
13164
13172
13174
13182
13184
13192
13196
13206
13204
13214
13216
13228
13224
13240
13234
13245
13250
13257
13261
13267
13271
13278
13282
13289
13297
13307
13299
13310
13316
13321
13328
13331
13338
13342
13350
13353
13362
13364
13372
13375
13383
13385
13395
13396
13406
13407
13416
13420
13427
13430
13436
13440
13446
13450
13454
13466
13461
13476
13471
13482
13487
13492
13497
13502
13508
13512
13518
13522
13528
13533
13539
13544
13549
13554
13561
13564
13571
13578
13581
13587
13592
13598
13603
13609
13613
13620
13624
13637
13630
13639
13652
13647
13657
13661
13668
13671
13679
13684
13689
13695
13701
13706
13712
13716
13722
13728
13732
13738
13741
13748
13758
13755
13764
13769
13774
13780
13783
13790
13795
13813
13801
13808
13819
13824
13834
13828
13839
13845
13850
13857
13861
13867
13871
13877
13882
13891
13892
13902
13901
13913
13912
13923
13934
13925
13935
13945
13947
13957
13958
13968
13969
13979
13978
14000
13991
13990
14001
14011
14020
14012
14021
14030
14031
14041
14042
14053
14062
14072
14083
14093
14104
14126
14114
14136
14156
14146
14167
14177
14187
14197
14207
14218
14229
14249
14271
14238
14261
14283
14304
14295
14311
14325
14333
14344
14354
14364
14375
14385
14396
14407
14419
14429
14451
14462
14473
14439
14482
14496
14506
14517
14527
14538
14550
14560
14570
14601
14579
14591
14620
15187
14612
15643
16083
16328
16339
16350
16361
16372
16383
16393
16403
16415
16437
16459
16426
16449
16469
16482
16502
16491
16513
16523
16534
16544
16555
16565
16576
16585
16596
16609
16629
16618
16641
16651
16662
16674
16684
16696
16707
16717
16729
16741
16749
16775
16760
83391
83395
83393
83397
83400
83404
83402
83406
83408
83410
83413
83415
83417
83419
83422
83424
83426
83428
83432
83430
83435
83437
83439
83441
83443
83445
83448
83450
83452
83453
83456
83460
83458
83464
83466
83462
83468
83470
83472
83474
83476
83478
83480
83483
83484
83486
83491
83495
83493
83489
83499
83500
83497
83502
83504
83506
83509
83511
83513
83515
83517
83519
83521
83523
83526
83524
83529
83531
83533
83535
83537
83539
83541
83543
